0.01
0.013333333333333334
0.01666666666666667
0.020000000000000004
0.023333333333333338
0.026666666666666672
0.030000000000000006
0.03333333333333334
0.036666666666666674
0.04000000000000001
0.04333333333333334
0.046666666666666676
0.05000000000000001
0.053333333333333344
0.05666666666666668
0.06000000000000001
0.06333333333333334
0.06666666666666668
0.07
0.07333333333333335
0.07666666666666667
0.08
0.08333333333333334
0.08666666666666668
0.09000000000000001
0.09333333333333334
0.09666666666666668
0.10000000000000002
0.10333333333333335
0.10666666666666667
0.11000000000000001
0.11333333333333336
0.11666666666666668
0.12000000000000001
0.12333333333333335
0.1266666666666667
0.13000000000000003
0.13333333333333336
0.13666666666666671
0.14000000000000004
0.14333333333333337
0.1466666666666667
0.15000000000000002
0.15333333333333338
0.1566666666666667
0.16000000000000003
0.16333333333333339
0.1666666666666667
0.17000000000000004
0.17333333333333337
0.1766666666666667
0.18000000000000005
0.18333333333333338
0.1866666666666667
0.19000000000000006
0.19333333333333338
0.1966666666666667
0.20000000000000004
0.20333333333333337
0.20666666666666672
0.21000000000000005
0.21333333333333337
0.21666666666666673
0.22000000000000006
0.22333333333333338
0.2266666666666667
0.23000000000000004
0.2333333333333334
0.23666666666666672
0.24000000000000005
0.2433333333333334
0.24666666666666673
0.25000000000000006
0.25333333333333335
0.2566666666666667
0.26000000000000006
0.2633333333333334
0.2666666666666667
0.2700000000000001
0.2733333333333334
0.2766666666666667
0.2800000000000001
0.2833333333333334
0.28666666666666674
0.29000000000000004
0.2933333333333334
0.29666666666666675
0.30000000000000004
0.3033333333333334
0.30666666666666675
0.31000000000000005
0.3133333333333334
0.31666666666666676
0.32000000000000006
0.3233333333333334
0.3266666666666667
0.33000000000000007
0.3333333333333334
0.3366666666666667
0.3400000000000001
0.3433333333333334
0.34666666666666673
0.3500000000000001
0.3533333333333334
0.35666666666666674
0.3600000000000001
0.3633333333333334
0.36666666666666675
0.3700000000000001
0.3733333333333334
0.37666666666666676
0.38000000000000006
0.3833333333333334
0.38666666666666677
0.39000000000000007
0.3933333333333334
0.3966666666666667
0.4000000000000001
0.40333333333333343
0.40666666666666673
0.4100000000000001
0.41333333333333344
0.41666666666666674
0.4200000000000001
0.42333333333333345
0.42666666666666675
0.4300000000000001
0.4333333333333334
0.43666666666666676
0.4400000000000001
0.4433333333333334
0.44666666666666677
0.45000000000000007
0.4533333333333334
0.4566666666666668
0.4600000000000001
0.46333333333333343
0.4666666666666668
0.4700000000000001
0.47333333333333344
0.4766666666666668
0.4800000000000001
0.48333333333333345
0.48666666666666675
0.4900000000000001
0.49333333333333346
0.49666666666666676
0.5000000000000001
0.5033333333333334
0.5066666666666667
0.5100000000000001
0.5133333333333334
0.5166666666666668
0.5200000000000001
0.5233333333333334
0.5266666666666667
0.5300000000000001
0.5333333333333334
0.5366666666666667
0.5400000000000001
0.5433333333333334
0.5466666666666667
0.5500000000000002
0.5533333333333335
0.5566666666666668
0.5600000000000002
0.5633333333333335
0.5666666666666668
0.5700000000000001
0.5733333333333335
0.5766666666666668
0.5800000000000001
0.5833333333333335
0.5866666666666668
0.5900000000000001
0.5933333333333335
0.5966666666666668
0.6000000000000001
0.6033333333333335
0.6066666666666668
0.6100000000000001
0.6133333333333335
0.6166666666666668
0.6200000000000001
0.6233333333333335
0.6266666666666668
0.6300000000000001
0.6333333333333334
0.6366666666666668
0.6400000000000001
0.6433333333333334
0.6466666666666668
0.6500000000000001
0.6533333333333334
0.6566666666666668
0.6600000000000001
0.6633333333333334
0.6666666666666669
0.6700000000000002
0.6733333333333335
0.6766666666666667
0.6800000000000002
0.6833333333333335
0.6866666666666668
0.6900000000000002
0.6933333333333335
0.6966666666666668
0.7000000000000002
0.7033333333333335
0.7066666666666668
0.7100000000000002
0.7133333333333335
0.7166666666666668
0.7200000000000002
0.7233333333333335
0.7266666666666668
0.7300000000000002
0.7333333333333335
0.7366666666666668
0.7400000000000001
0.7433333333333335
0.7466666666666668
0.7500000000000001
0.7533333333333335
0.7566666666666668
0.7600000000000001
0.7633333333333335
0.7666666666666668
0.7700000000000001
0.7733333333333335
0.7766666666666668
0.7800000000000001
0.7833333333333334
0.7866666666666668
0.7900000000000001
0.7933333333333334
0.7966666666666669
0.8000000000000002
0.8033333333333335
0.8066666666666669
0.8100000000000002
0.8133333333333335
0.8166666666666669
0.8200000000000002
0.8233333333333335
0.8266666666666669
0.8300000000000002
0.8333333333333335
0.8366666666666669
0.8400000000000002
0.8433333333333335
0.8466666666666668
0.8500000000000002
0.8533333333333335
0.8566666666666668
0.8600000000000002
0.8633333333333335
0.8666666666666668
0.8700000000000002
0.8733333333333335
0.8766666666666668
0.8800000000000002
0.8833333333333335
0.8866666666666668
0.8900000000000001
0.8933333333333335
0.8966666666666668
0.9000000000000001
0.9033333333333335
0.9066666666666668
0.9100000000000001
0.9133333333333336
0.9166666666666669
0.9200000000000002
0.9233333333333336
0.9266666666666669
0.9300000000000002
0.9333333333333336
0.9366666666666669
0.9400000000000002
0.9433333333333336
0.9466666666666669
0.9500000000000002
0.9533333333333335
0.9566666666666669
0.9600000000000002
0.9633333333333335
0.9666666666666669
0.9700000000000002
0.9733333333333335
0.9766666666666669
0.9800000000000002
0.9833333333333335
0.9866666666666669
0.9900000000000002
0.9933333333333335
0.9966666666666668
1.0000000000000002
