3.571428571428571317e-03
7.142857142857142634e-03
1.071428571428571438e-02
1.428571428571428527e-02
1.785714285714285615e-02
2.142857142857142877e-02
2.500000000000000139e-02
2.857142857142857054e-02
3.214285714285713969e-02
3.571428571428571230e-02
3.928571428571428492e-02
4.285714285714285754e-02
4.642857142857143016e-02
5.000000000000000278e-02
5.357142857142856845e-02
5.714285714285714107e-02
6.071428571428571369e-02
6.428571428571427937e-02
6.785714285714285199e-02
7.142857142857142461e-02
7.499999999999999722e-02
7.857142857142856984e-02
8.214285714285714246e-02
8.571428571428571508e-02
8.928571428571428770e-02
9.285714285714286031e-02
9.642857142857143293e-02
9.999999999999999167e-02
1.035714285714285643e-01
1.071428571428571369e-01
1.107142857142857095e-01
1.142857142857142821e-01
1.178571428571428548e-01
1.214285714285714274e-01
1.250000000000000000e-01
1.285714285714285587e-01
1.321428571428571175e-01
1.357142857142857040e-01
1.392857142857142627e-01
1.428571428571428492e-01
1.464285714285714080e-01
1.499999999999999944e-01
1.535714285714285532e-01
1.571428571428571119e-01
1.607142857142856984e-01
1.642857142857142572e-01
1.678571428571428437e-01
1.714285714285714024e-01
1.749999999999999889e-01
1.785714285714285476e-01
1.821428571428571341e-01
1.857142857142856929e-01
1.892857142857142794e-01
1.928571428571428381e-01
1.964285714285713969e-01
1.999999999999999833e-01
2.035714285714285421e-01
2.071428571428571286e-01
2.107142857142856873e-01
2.142857142857142738e-01
2.178571428571428326e-01
2.214285714285714191e-01
2.249999999999999778e-01
2.285714285714285643e-01
2.321428571428571230e-01
2.357142857142856818e-01
2.392857142857142683e-01
2.428571428571428270e-01
2.464285714285714135e-01
2.499999999999999722e-01
2.535714285714285587e-01
2.571428571428571175e-01
2.607142857142856762e-01
2.642857142857142905e-01
2.678571428571428492e-01
2.714285714285714080e-01
2.749999999999999667e-01
2.785714285714285254e-01
2.821428571428571397e-01
2.857142857142856984e-01
2.892857142857142572e-01
2.928571428571428159e-01
2.964285714285714302e-01
2.999999999999999889e-01
3.035714285714285476e-01
3.071428571428571064e-01
3.107142857142856651e-01
3.142857142857142794e-01
3.178571428571428381e-01
3.214285714285713969e-01
3.249999999999999556e-01
3.285714285714285698e-01
3.321428571428571286e-01
3.357142857142856873e-01
3.392857142857142461e-01
3.428571428571428603e-01
3.464285714285714191e-01
3.499999999999999778e-01
3.535714285714285365e-01
3.571428571428570953e-01
3.607142857142857095e-01
3.642857142857142683e-01
3.678571428571428270e-01
3.714285714285713857e-01
3.750000000000000000e-01
3.785714285714285587e-01
3.821428571428571175e-01
3.857142857142856762e-01
3.892857142857142350e-01
3.928571428571428492e-01
3.964285714285714080e-01
3.999999999999999667e-01
4.035714285714285254e-01
4.071428571428571397e-01
4.107142857142856984e-01
4.142857142857142572e-01
4.178571428571428159e-01
4.214285714285714302e-01
4.249999999999999889e-01
4.285714285714285476e-01
4.321428571428571064e-01
4.357142857142856651e-01
4.392857142857142794e-01
4.428571428571428381e-01
4.464285714285713969e-01
4.499999999999999556e-01
4.535714285714285698e-01
4.571428571428571286e-01
4.607142857142856873e-01
4.642857142857142461e-01
4.678571428571428048e-01
4.714285714285714191e-01
4.749999999999999778e-01
4.785714285714285365e-01
4.821428571428570953e-01
4.857142857142857095e-01
4.892857142857142683e-01
4.928571428571428270e-01
4.964285714285713857e-01
4.999999999999999445e-01
5.035714285714285587e-01
5.071428571428571175e-01
5.107142857142856762e-01
5.142857142857142350e-01
5.178571428571427937e-01
5.214285714285713524e-01
5.250000000000000222e-01
5.285714285714285809e-01
5.321428571428571397e-01
5.357142857142856984e-01
5.392857142857142572e-01
5.428571428571428159e-01
5.464285714285713746e-01
5.499999999999999334e-01
5.535714285714284921e-01
5.571428571428571619e-01
5.607142857142857206e-01
5.642857142857142794e-01
5.678571428571428381e-01
5.714285714285713969e-01
5.749999999999999556e-01
5.785714285714285143e-01
5.821428571428570731e-01
5.857142857142856318e-01
5.892857142857143016e-01
5.928571428571428603e-01
5.964285714285714191e-01
5.999999999999999778e-01
6.035714285714285365e-01
6.071428571428570953e-01
6.107142857142856540e-01
6.142857142857142128e-01
6.178571428571427715e-01
6.214285714285714413e-01
6.250000000000000000e-01
6.285714285714285587e-01
6.321428571428571175e-01
6.357142857142856762e-01
6.392857142857142350e-01
6.428571428571427937e-01
6.464285714285713524e-01
6.500000000000000222e-01
6.535714285714285809e-01
6.571428571428571397e-01
6.607142857142856984e-01
6.642857142857142572e-01
6.678571428571428159e-01
6.714285714285713746e-01
6.749999999999999334e-01
6.785714285714284921e-01
6.821428571428571619e-01
6.857142857142857206e-01
6.892857142857142794e-01
6.928571428571428381e-01
6.964285714285713969e-01
6.999999999999999556e-01
7.035714285714285143e-01
7.071428571428570731e-01
7.107142857142856318e-01
7.142857142857143016e-01
7.178571428571428603e-01
7.214285714285714191e-01
7.249999999999999778e-01
7.285714285714285365e-01
7.321428571428570953e-01
7.357142857142856540e-01
7.392857142857142128e-01
7.428571428571427715e-01
7.464285714285714413e-01
7.500000000000000000e-01
7.535714285714285587e-01
7.571428571428571175e-01
7.607142857142856762e-01
7.642857142857142350e-01
7.678571428571427937e-01
7.714285714285713524e-01
7.749999999999999112e-01
7.785714285714285809e-01
7.821428571428571397e-01
7.857142857142856984e-01
7.892857142857142572e-01
7.928571428571428159e-01
7.964285714285713746e-01
7.999999999999999334e-01
8.035714285714284921e-01
8.071428571428570509e-01
8.107142857142857206e-01
8.142857142857142794e-01
8.178571428571428381e-01
8.214285714285713969e-01
8.249999999999999556e-01
8.285714285714285143e-01
8.321428571428570731e-01
8.357142857142856318e-01
8.392857142857143016e-01
8.428571428571428603e-01
8.464285714285714191e-01
8.499999999999999778e-01
8.535714285714285365e-01
8.571428571428570953e-01
8.607142857142856540e-01
8.642857142857142128e-01
8.678571428571427715e-01
8.714285714285714413e-01
8.750000000000000000e-01
8.785714285714285587e-01
8.821428571428571175e-01
8.857142857142856762e-01
8.892857142857142350e-01
8.928571428571427937e-01
8.964285714285713524e-01
8.999999999999999112e-01
9.035714285714285809e-01
9.071428571428571397e-01
9.107142857142856984e-01
9.142857142857142572e-01
9.178571428571428159e-01
9.214285714285713746e-01
9.249999999999999334e-01
9.285714285714284921e-01
9.321428571428570509e-01
9.357142857142857206e-01
9.392857142857142794e-01
9.428571428571428381e-01
9.464285714285713969e-01
9.499999999999999556e-01
9.535714285714285143e-01
9.571428571428570731e-01
9.607142857142856318e-01
9.642857142857141906e-01
9.678571428571428603e-01
9.714285714285714191e-01
9.749999999999999778e-01
9.785714285714285365e-01
9.821428571428570953e-01
9.857142857142856540e-01
9.892857142857142128e-01
9.928571428571427715e-01
9.964285714285713302e-01
1.000000000000000000e+00
