0.015384615384615385
0.019230769230769232
0.023076923076923078
0.026923076923076925
0.03076923076923077
0.03461538461538462
0.038461538461538464
0.04230769230769231
0.046153846153846156
0.05
0.05384615384615385
0.057692307692307696
0.06153846153846154
0.06538461538461539
0.06923076923076923
0.07307692307692308
0.07692307692307693
0.08076923076923077
0.08461538461538462
0.08846153846153847
0.09230769230769231
0.09615384615384616
0.1
0.10384615384615385
0.1076923076923077
0.11153846153846154
0.11538461538461539
0.11923076923076924
0.12307692307692308
0.12692307692307692
0.13076923076923078
0.13461538461538464
0.13846153846153847
0.1423076923076923
0.14615384615384616
0.15000000000000002
0.15384615384615385
0.1576923076923077
0.16153846153846155
0.1653846153846154
0.16923076923076924
0.17307692307692307
0.17692307692307693
0.1807692307692308
0.18461538461538463
0.18846153846153846
0.19230769230769232
0.19615384615384618
0.2
0.20384615384615384
0.2076923076923077
0.21153846153846156
0.2153846153846154
0.21923076923076923
0.2230769230769231
0.22692307692307695
0.23076923076923078
0.23461538461538461
0.23846153846153847
0.24230769230769234
0.24615384615384617
0.25
0.25384615384615383
0.2576923076923077
0.26153846153846155
0.2653846153846154
0.2692307692307692
0.2730769230769231
0.27692307692307694
0.28076923076923077
0.28461538461538466
0.2884615384615385
0.2923076923076923
0.29615384615384616
0.3
0.3038461538461539
0.3076923076923077
0.31153846153846154
0.31538461538461543
0.31923076923076926
0.3230769230769231
0.3269230769230769
0.33076923076923076
0.33461538461538465
0.3384615384615385
0.3423076923076923
0.3461538461538462
0.35000000000000003
0.35384615384615387
0.3576923076923077
0.36153846153846153
0.3653846153846154
0.36923076923076925
0.3730769230769231
0.37692307692307697
0.3807692307692308
0.38461538461538464
0.38846153846153847
0.3923076923076923
0.3961538461538462
0.4
0.40384615384615385
0.40769230769230774
0.4115384615384616
0.4153846153846154
0.41923076923076924
0.4230769230769231
0.42692307692307696
0.4307692307692308
0.4346153846153846
0.4384615384615385
0.44230769230769235
0.4461538461538462
0.45
0.45384615384615384
0.45769230769230773
0.46153846153846156
0.4653846153846154
0.4692307692307693
0.4730769230769231
0.47692307692307695
0.4807692307692308
0.4846153846153846
0.4884615384615385
0.49230769230769234
0.49615384615384617
0.5
0.5038461538461538
0.5076923076923077
0.5115384615384615
0.5153846153846153
0.5192307692307692
0.523076923076923
0.526923076923077
0.5307692307692309
0.5346153846153847
0.5384615384615385
0.5423076923076924
0.5461538461538462
0.55
0.5538461538461539
0.5576923076923077
0.5615384615384615
0.5653846153846154
0.5692307692307692
0.573076923076923
0.5769230769230769
0.5807692307692307
0.5846153846153845
0.5884615384615386
0.5923076923076924
0.5961538461538463
0.6000000000000001
0.6038461538461539
0.6076923076923078
0.6115384615384616
0.6153846153846154
0.6192307692307693
0.6230769230769231
0.6269230769230769
0.6307692307692307
0.6346153846153846
0.6384615384615384
0.6423076923076922
0.6461538461538461
0.6500000000000001
0.653846153846154
0.6576923076923078
0.6615384615384616
0.6653846153846155
0.6692307692307693
0.6730769230769231
0.676923076923077
0.6807692307692308
0.6846153846153846
0.6884615384615385
0.6923076923076923
0.6961538461538461
0.7
0.7038461538461538
0.7076923076923076
0.7115384615384617
0.7153846153846155
0.7192307692307693
0.7230769230769232
0.726923076923077
0.7307692307692308
0.7346153846153847
0.7384615384615385
0.7423076923076923
0.7461538461538462
0.75
0.7538461538461538
0.7576923076923077
0.7615384615384615
0.7653846153846153
0.7692307692307692
0.7730769230769232
0.776923076923077
0.7807692307692309
0.7846153846153847
0.7884615384615385
0.7923076923076924
0.7961538461538462
0.8
0.8038461538461539
0.8076923076923077
0.8115384615384615
0.8153846153846154
0.8192307692307692
0.823076923076923
0.8269230769230769
0.8307692307692307
0.8346153846153848
0.8384615384615386
0.8423076923076924
0.8461538461538463
0.8500000000000001
0.8538461538461539
0.8576923076923078
0.8615384615384616
0.8653846153846154
0.8692307692307693
0.8730769230769231
0.8769230769230769
0.8807692307692307
0.8846153846153846
0.8884615384615384
0.8923076923076922
0.8961538461538463
0.9000000000000001
0.903846153846154
0.9076923076923078
0.9115384615384616
0.9153846153846155
0.9192307692307693
0.9230769230769231
0.926923076923077
0.9307692307692308
0.9346153846153846
0.9384615384615385
0.9423076923076923
0.9461538461538461
0.95
0.9538461538461538
0.9576923076923078
0.9615384615384617
0.9653846153846155
0.9692307692307693
0.9730769230769232
0.976923076923077
0.9807692307692308
0.9846153846153847
0.9884615384615385
0.9923076923076923
0.9961538461538462
1.0
