3.846153846153846367e-03
7.692307692307692735e-03
1.153846153846153910e-02
1.538461538461538547e-02
1.923076923076923184e-02
2.307692307692307820e-02
2.692307692307692457e-02
3.076923076923077094e-02
3.461538461538461731e-02
3.846153846153846367e-02
4.230769230769231004e-02
4.615384615384615641e-02
5.000000000000000278e-02
5.384615384615384914e-02
5.769230769230769551e-02
6.153846153846154188e-02
6.538461538461538824e-02
6.923076923076923461e-02
7.307692307692308098e-02
7.692307692307692735e-02
8.076923076923077371e-02
8.461538461538462008e-02
8.846153846153846645e-02
9.230769230769231282e-02
9.615384615384615918e-02
1.000000000000000056e-01
1.038461538461538519e-01
1.076923076923076983e-01
1.115384615384615447e-01
1.153846153846153910e-01
1.192307692307692374e-01
1.230769230769230838e-01
1.269230769230769162e-01
1.307692307692307487e-01
1.346153846153846367e-01
1.384615384615384692e-01
1.423076923076923017e-01
1.461538461538461342e-01
1.500000000000000222e-01
1.538461538461538547e-01
1.576923076923076872e-01
1.615384615384615197e-01
1.653846153846154077e-01
1.692307692307692402e-01
1.730769230769230727e-01
1.769230769230769051e-01
1.807692307692307931e-01
1.846153846153846256e-01
1.884615384615384581e-01
1.923076923076922906e-01
1.961538461538461786e-01
2.000000000000000111e-01
2.038461538461538436e-01
2.076923076923076761e-01
2.115384615384615641e-01
2.153846153846153966e-01
2.192307692307692291e-01
2.230769230769230616e-01
2.269230769230769496e-01
2.307692307692307820e-01
2.346153846153846145e-01
2.384615384615384470e-01
2.423076923076923350e-01
2.461538461538461675e-01
2.500000000000000000e-01
2.538461538461538325e-01
2.576923076923076650e-01
2.615384615384615530e-01
2.653846153846153855e-01
2.692307692307692180e-01
2.730769230769231060e-01
2.769230769230769384e-01
2.807692307692307709e-01
2.846153846153846034e-01
2.884615384615384359e-01
2.923076923076923239e-01
2.961538461538461564e-01
2.999999999999999889e-01
3.038461538461538769e-01
3.076923076923077094e-01
3.115384615384615419e-01
3.153846153846153744e-01
3.192307692307692069e-01
3.230769230769230949e-01
3.269230769230769273e-01
3.307692307692307598e-01
3.346153846153846478e-01
3.384615384615384803e-01
3.423076923076923128e-01
3.461538461538461453e-01
3.499999999999999778e-01
3.538461538461538658e-01
3.576923076923076983e-01
3.615384615384615308e-01
3.653846153846154188e-01
3.692307692307692513e-01
3.730769230769230838e-01
3.769230769230769162e-01
3.807692307692307487e-01
3.846153846153846367e-01
3.884615384615384692e-01
3.923076923076923017e-01
3.961538461538461897e-01
4.000000000000000222e-01
4.038461538461538547e-01
4.076923076923076872e-01
4.115384615384615197e-01
4.153846153846154077e-01
4.192307692307692402e-01
4.230769230769230727e-01
4.269230769230769607e-01
4.307692307692307931e-01
4.346153846153846256e-01
4.384615384615384581e-01
4.423076923076922906e-01
4.461538461538461786e-01
4.500000000000000111e-01
4.538461538461538436e-01
4.576923076923077316e-01
4.615384615384615641e-01
4.653846153846153966e-01
4.692307692307692291e-01
4.730769230769230616e-01
4.769230769230769496e-01
4.807692307692307820e-01
4.846153846153846145e-01
4.884615384615385025e-01
4.923076923076923350e-01
4.961538461538461675e-01
5.000000000000000000e-01
5.038461538461538325e-01
5.076923076923076650e-01
5.115384615384614975e-01
5.153846153846154410e-01
5.192307692307692735e-01
5.230769230769231060e-01
5.269230769230769384e-01
5.307692307692307709e-01
5.346153846153846034e-01
5.384615384615384359e-01
5.423076923076923794e-01
5.461538461538462119e-01
5.500000000000000444e-01
5.538461538461538769e-01
5.576923076923077094e-01
5.615384615384615419e-01
5.653846153846153744e-01
5.692307692307692069e-01
5.730769230769230393e-01
5.769230769230769829e-01
5.807692307692308153e-01
5.846153846153846478e-01
5.884615384615384803e-01
5.923076923076923128e-01
5.961538461538461453e-01
5.999999999999999778e-01
6.038461538461539213e-01
6.076923076923077538e-01
6.115384615384615863e-01
6.153846153846154188e-01
6.192307692307692513e-01
6.230769230769230838e-01
6.269230769230769162e-01
6.307692307692307487e-01
6.346153846153845812e-01
6.384615384615385247e-01
6.423076923076923572e-01
6.461538461538461897e-01
6.500000000000000222e-01
6.538461538461538547e-01
6.576923076923076872e-01
6.615384615384615197e-01
6.653846153846154632e-01
6.692307692307692957e-01
6.730769230769231282e-01
6.769230769230769607e-01
6.807692307692307931e-01
6.846153846153846256e-01
6.884615384615384581e-01
6.923076923076922906e-01
6.961538461538461231e-01
7.000000000000000666e-01
7.038461538461538991e-01
7.076923076923077316e-01
7.115384615384615641e-01
7.153846153846153966e-01
7.192307692307692291e-01
7.230769230769230616e-01
7.269230769230770051e-01
7.307692307692308376e-01
7.346153846153846700e-01
7.384615384615385025e-01
7.423076923076923350e-01
7.461538461538461675e-01
7.500000000000000000e-01
7.538461538461538325e-01
7.576923076923076650e-01
7.615384615384616085e-01
7.653846153846154410e-01
7.692307692307692735e-01
7.730769230769231060e-01
7.769230769230769384e-01
7.807692307692307709e-01
7.846153846153846034e-01
7.884615384615385469e-01
7.923076923076923794e-01
7.961538461538462119e-01
8.000000000000000444e-01
8.038461538461538769e-01
8.076923076923077094e-01
8.115384615384615419e-01
8.153846153846153744e-01
8.192307692307692069e-01
8.230769230769231504e-01
8.269230769230769829e-01
8.307692307692308153e-01
8.346153846153846478e-01
8.384615384615384803e-01
8.423076923076923128e-01
8.461538461538461453e-01
8.500000000000000888e-01
8.538461538461539213e-01
8.576923076923077538e-01
8.615384615384615863e-01
8.653846153846154188e-01
8.692307692307692513e-01
8.730769230769230838e-01
8.769230769230769162e-01
8.807692307692307487e-01
8.846153846153846922e-01
8.884615384615385247e-01
8.923076923076923572e-01
8.961538461538461897e-01
9.000000000000000222e-01
9.038461538461538547e-01
9.076923076923076872e-01
9.115384615384616307e-01
9.153846153846154632e-01
9.192307692307692957e-01
9.230769230769231282e-01
9.269230769230769607e-01
9.307692307692307931e-01
9.346153846153846256e-01
9.384615384615384581e-01
9.423076923076922906e-01
9.461538461538462341e-01
9.500000000000000666e-01
9.538461538461538991e-01
9.576923076923077316e-01
9.615384615384615641e-01
9.653846153846153966e-01
9.692307692307692291e-01
9.730769230769231726e-01
9.769230769230770051e-01
9.807692307692308376e-01
9.846153846153846700e-01
9.884615384615385025e-01
9.923076923076923350e-01
9.961538461538461675e-01
1.000000000000000000e+00
