0.014285714285714285
0.017857142857142856
0.02142857142857143
0.024999999999999998
0.028571428571428567
0.03214285714285714
0.03571428571428571
0.03928571428571428
0.04285714285714285
0.04642857142857142
0.049999999999999996
0.05357142857142856
0.057142857142857134
0.06071428571428571
0.06428571428571428
0.06785714285714285
0.07142857142857142
0.075
0.07857142857142857
0.08214285714285714
0.08571428571428572
0.08928571428571427
0.09285714285714285
0.09642857142857142
0.09999999999999999
0.10357142857142856
0.10714285714285714
0.11071428571428571
0.11428571428571427
0.11785714285714284
0.12142857142857141
0.12499999999999999
0.12857142857142856
0.13214285714285712
0.1357142857142857
0.13928571428571426
0.14285714285714285
0.1464285714285714
0.15
0.15357142857142855
0.15714285714285714
0.1607142857142857
0.16428571428571426
0.16785714285714284
0.1714285714285714
0.175
0.17857142857142855
0.18214285714285713
0.1857142857142857
0.18928571428571425
0.19285714285714284
0.1964285714285714
0.19999999999999998
0.20357142857142854
0.20714285714285713
0.2107142857142857
0.21428571428571425
0.21785714285714283
0.2214285714285714
0.22499999999999998
0.22857142857142854
0.23214285714285712
0.23571428571428568
0.23928571428571427
0.24285714285714283
0.24642857142857139
0.24999999999999997
0.2535714285714285
0.2571428571428571
0.2607142857142857
0.26428571428571423
0.26785714285714285
0.2714285714285714
0.27499999999999997
0.2785714285714285
0.2821428571428571
0.2857142857142857
0.28928571428571426
0.2928571428571428
0.2964285714285714
0.3
0.30357142857142855
0.3071428571428571
0.31071428571428567
0.3142857142857142
0.31785714285714284
0.3214285714285714
0.32499999999999996
0.3285714285714285
0.3321428571428571
0.3357142857142857
0.33928571428571425
0.3428571428571428
0.34642857142857136
0.35
0.35357142857142854
0.3571428571428571
0.36071428571428565
0.3642857142857142
0.3678571428571428
0.3714285714285714
0.37499999999999994
0.3785714285714285
0.3821428571428571
0.3857142857142857
0.38928571428571423
0.3928571428571428
0.39642857142857135
0.39999999999999997
0.4035714285714285
0.4071428571428571
0.41071428571428564
0.4142857142857142
0.4178571428571428
0.4214285714285714
0.42499999999999993
0.4285714285714285
0.4321428571428571
0.43571428571428567
0.4392857142857142
0.4428571428571428
0.44642857142857134
0.44999999999999996
0.4535714285714285
0.4571428571428571
0.46071428571428563
0.46428571428571425
0.4678571428571428
0.47142857142857136
0.4749999999999999
0.4785714285714285
0.4821428571428571
0.48571428571428565
0.4892857142857142
0.49285714285714277
0.4964285714285714
0.49999999999999994
0.5035714285714284
0.507142857142857
0.5107142857142856
0.5142857142857142
0.5178571428571427
0.5214285714285714
0.5249999999999999
0.5285714285714285
0.532142857142857
0.5357142857142856
0.5392857142857141
0.5428571428571427
0.5464285714285713
0.5499999999999998
0.5535714285714285
0.557142857142857
0.5607142857142856
0.5642857142857142
0.5678571428571427
0.5714285714285713
0.5749999999999998
0.5785714285714284
0.582142857142857
0.5857142857142856
0.5892857142857142
0.5928571428571427
0.5964285714285713
0.5999999999999999
0.6035714285714284
0.607142857142857
0.6107142857142855
0.6142857142857141
0.6178571428571427
0.6214285714285713
0.6249999999999999
0.6285714285714284
0.632142857142857
0.6357142857142856
0.6392857142857141
0.6428571428571427
0.6464285714285712
0.6499999999999998
0.6535714285714285
0.657142857142857
0.6607142857142856
0.6642857142857141
0.6678571428571427
0.6714285714285713
0.6749999999999998
0.6785714285714284
0.6821428571428569
0.6857142857142856
0.6892857142857142
0.6928571428571427
0.6964285714285713
0.6999999999999998
0.7035714285714284
0.707142857142857
0.7107142857142855
0.7142857142857141
0.7178571428571427
0.7214285714285713
0.7249999999999999
0.7285714285714284
0.732142857142857
0.7357142857142855
0.7392857142857141
0.7428571428571427
0.7464285714285712
0.7499999999999999
0.7535714285714284
0.757142857142857
0.7607142857142856
0.7642857142857141
0.7678571428571427
0.7714285714285712
0.7749999999999998
0.7785714285714284
0.782142857142857
0.7857142857142856
0.7892857142857141
0.7928571428571427
0.7964285714285713
0.7999999999999998
0.8035714285714284
0.8071428571428569
0.8107142857142855
0.8142857142857141
0.8178571428571427
0.8214285714285713
0.8249999999999998
0.8285714285714284
0.832142857142857
0.8357142857142855
0.8392857142857141
0.8428571428571426
0.8464285714285712
0.8499999999999999
0.8535714285714284
0.857142857142857
0.8607142857142855
0.8642857142857141
0.8678571428571427
0.8714285714285712
0.8749999999999998
0.8785714285714283
0.882142857142857
0.8857142857142856
0.8892857142857141
0.8928571428571427
0.8964285714285712
0.8999999999999998
0.9035714285714284
0.9071428571428569
0.9107142857142855
0.9142857142857141
0.9178571428571427
0.9214285714285713
0.9249999999999998
0.9285714285714284
0.9321428571428569
0.9357142857142855
0.9392857142857141
0.9428571428571426
0.9464285714285713
0.9499999999999998
0.9535714285714284
0.957142857142857
0.9607142857142855
0.9642857142857141
0.9678571428571426
0.9714285714285712
0.9749999999999998
0.9785714285714284
0.982142857142857
0.9857142857142855
0.9892857142857141
0.9928571428571427
0.9964285714285712
0.9999999999999998
1.0035714285714283
