3.333333333333333547e-03
6.666666666666667095e-03
1.000000000000000021e-02
1.333333333333333419e-02
1.666666666666666644e-02
2.000000000000000042e-02
2.333333333333333440e-02
2.666666666666666838e-02
3.000000000000000236e-02
3.333333333333333287e-02
3.666666666666666685e-02
4.000000000000000083e-02
4.333333333333333481e-02
4.666666666666666879e-02
5.000000000000000278e-02
5.333333333333333676e-02
5.666666666666667074e-02
6.000000000000000472e-02
6.333333333333333870e-02
6.666666666666666574e-02
6.999999999999999278e-02
7.333333333333333370e-02
7.666666666666666075e-02
8.000000000000000167e-02
8.333333333333332871e-02
8.666666666666666963e-02
8.999999999999999667e-02
9.333333333333333759e-02
9.666666666666666463e-02
1.000000000000000056e-01
1.033333333333333326e-01
1.066666666666666735e-01
1.100000000000000006e-01
1.133333333333333276e-01
1.166666666666666685e-01
1.199999999999999956e-01
1.233333333333333365e-01
1.266666666666666774e-01
1.300000000000000044e-01
1.333333333333333315e-01
1.366666666666666585e-01
1.400000000000000133e-01
1.433333333333333404e-01
1.466666666666666674e-01
1.499999999999999944e-01
1.533333333333333492e-01
1.566666666666666763e-01
1.600000000000000033e-01
1.633333333333333304e-01
1.666666666666666574e-01
1.700000000000000122e-01
1.733333333333333393e-01
1.766666666666666663e-01
1.799999999999999933e-01
1.833333333333333481e-01
1.866666666666666752e-01
1.900000000000000022e-01
1.933333333333333293e-01
1.966666666666666841e-01
2.000000000000000111e-01
2.033333333333333381e-01
2.066666666666666652e-01
2.100000000000000200e-01
2.133333333333333470e-01
2.166666666666666741e-01
2.200000000000000011e-01
2.233333333333333282e-01
2.266666666666666829e-01
2.300000000000000100e-01
2.333333333333333370e-01
2.366666666666666641e-01
2.400000000000000189e-01
2.433333333333333459e-01
2.466666666666666730e-01
2.500000000000000000e-01
2.533333333333333548e-01
2.566666666666667096e-01
2.600000000000000644e-01
2.633333333333333637e-01
2.666666666666667185e-01
2.700000000000000178e-01
2.733333333333333726e-01
2.766666666666667274e-01
2.800000000000000266e-01
2.833333333333333814e-01
2.866666666666666807e-01
2.900000000000000355e-01
2.933333333333333903e-01
2.966666666666666896e-01
3.000000000000000444e-01
3.033333333333333992e-01
3.066666666666666985e-01
3.100000000000000533e-01
3.133333333333333526e-01
3.166666666666667074e-01
3.200000000000000622e-01
3.233333333333333615e-01
3.266666666666667163e-01
3.300000000000000155e-01
3.333333333333333703e-01
3.366666666666667251e-01
3.400000000000000244e-01
3.433333333333333792e-01
3.466666666666667340e-01
3.500000000000000333e-01
3.533333333333333881e-01
3.566666666666666874e-01
3.600000000000000422e-01
3.633333333333333970e-01
3.666666666666666963e-01
3.700000000000000511e-01
3.733333333333334059e-01
3.766666666666667052e-01
3.800000000000000600e-01
3.833333333333333592e-01
3.866666666666667140e-01
3.900000000000000688e-01
3.933333333333333681e-01
3.966666666666667229e-01
4.000000000000000222e-01
4.033333333333333770e-01
4.066666666666667318e-01
4.100000000000000311e-01
4.133333333333333859e-01
4.166666666666667407e-01
4.200000000000000400e-01
4.233333333333333948e-01
4.266666666666666941e-01
4.300000000000000488e-01
4.333333333333334036e-01
4.366666666666667029e-01
4.400000000000000577e-01
4.433333333333333570e-01
4.466666666666667118e-01
4.500000000000000666e-01
4.533333333333333659e-01
4.566666666666667207e-01
4.600000000000000755e-01
4.633333333333333748e-01
4.666666666666667296e-01
4.700000000000000289e-01
4.733333333333333837e-01
4.766666666666667385e-01
4.800000000000000377e-01
4.833333333333333925e-01
4.866666666666666918e-01
4.900000000000000466e-01
4.933333333333334014e-01
4.966666666666667007e-01
5.000000000000000000e-01
5.033333333333332993e-01
5.066666666666667096e-01
5.100000000000000089e-01
5.133333333333333082e-01
5.166666666666667185e-01
5.200000000000000178e-01
5.233333333333333171e-01
5.266666666666666163e-01
5.300000000000000266e-01
5.333333333333333259e-01
5.366666666666666252e-01
5.400000000000000355e-01
5.433333333333333348e-01
5.466666666666666341e-01
5.500000000000000444e-01
5.533333333333333437e-01
5.566666666666666430e-01
5.600000000000000533e-01
5.633333333333333526e-01
5.666666666666666519e-01
5.699999999999999512e-01
5.733333333333333615e-01
5.766666666666666607e-01
5.799999999999999600e-01
5.833333333333333703e-01
5.866666666666666696e-01
5.899999999999999689e-01
5.933333333333333792e-01
5.966666666666666785e-01
5.999999999999999778e-01
6.033333333333333881e-01
6.066666666666666874e-01
6.099999999999999867e-01
6.133333333333332860e-01
6.166666666666666963e-01
6.199999999999999956e-01
6.233333333333332948e-01
6.266666666666667052e-01
6.300000000000000044e-01
6.333333333333333037e-01
6.366666666666667140e-01
6.400000000000000133e-01
6.433333333333333126e-01
6.466666666666667229e-01
6.500000000000000222e-01
6.533333333333333215e-01
6.566666666666666208e-01
6.600000000000000311e-01
6.633333333333333304e-01
6.666666666666666297e-01
6.700000000000000400e-01
6.733333333333333393e-01
6.766666666666666385e-01
6.800000000000000488e-01
6.833333333333333481e-01
6.866666666666666474e-01
6.900000000000000577e-01
6.933333333333333570e-01
6.966666666666666563e-01
6.999999999999999556e-01
7.033333333333333659e-01
7.066666666666666652e-01
7.099999999999999645e-01
7.133333333333333748e-01
7.166666666666666741e-01
7.199999999999999734e-01
7.233333333333333837e-01
7.266666666666666829e-01
7.299999999999999822e-01
7.333333333333333925e-01
7.366666666666666918e-01
7.399999999999999911e-01
7.433333333333334014e-01
7.466666666666667007e-01
7.500000000000000000e-01
7.533333333333332993e-01
7.566666666666667096e-01
7.600000000000000089e-01
7.633333333333333082e-01
7.666666666666667185e-01
7.700000000000000178e-01
7.733333333333333171e-01
7.766666666666667274e-01
7.800000000000000266e-01
7.833333333333333259e-01
7.866666666666667362e-01
7.900000000000000355e-01
7.933333333333333348e-01
7.966666666666666341e-01
8.000000000000000444e-01
8.033333333333333437e-01
8.066666666666666430e-01
8.100000000000000533e-01
8.133333333333333526e-01
8.166666666666666519e-01
8.200000000000000622e-01
8.233333333333333615e-01
8.266666666666666607e-01
8.300000000000000711e-01
8.333333333333333703e-01
8.366666666666666696e-01
8.399999999999999689e-01
8.433333333333333792e-01
8.466666666666666785e-01
8.499999999999999778e-01
8.533333333333333881e-01
8.566666666666666874e-01
8.599999999999999867e-01
8.633333333333333970e-01
8.666666666666666963e-01
8.699999999999999956e-01
8.733333333333334059e-01
8.766666666666667052e-01
8.800000000000000044e-01
8.833333333333333037e-01
8.866666666666667140e-01
8.900000000000000133e-01
8.933333333333333126e-01
8.966666666666667229e-01
9.000000000000000222e-01
9.033333333333333215e-01
9.066666666666667318e-01
9.100000000000000311e-01
9.133333333333333304e-01
9.166666666666667407e-01
9.200000000000000400e-01
9.233333333333333393e-01
9.266666666666666385e-01
9.300000000000000488e-01
9.333333333333333481e-01
9.366666666666666474e-01
9.400000000000000577e-01
9.433333333333333570e-01
9.466666666666666563e-01
9.500000000000000666e-01
9.533333333333333659e-01
9.566666666666666652e-01
9.600000000000000755e-01
9.633333333333333748e-01
9.666666666666666741e-01
9.699999999999999734e-01
9.733333333333333837e-01
9.766666666666666829e-01
9.799999999999999822e-01
9.833333333333333925e-01
9.866666666666666918e-01
9.899999999999999911e-01
9.933333333333334014e-01
9.966666666666667007e-01
1.000000000000000000e+00
